1 7982117.114152893
2 6649908.467520682
3 7559384.399292092
4 8699338.72039273
5 6523678.192235623
6 7511561.935270074
7 6910895.000645516
8 1111225.8948393972
9 7311235.873771795
10 8271306.36019499
11 7954412.5826497935
12 8036538.8719283985
13 6823062.239495009
14 7621839.770110702
15 6825240.2102994695
16 7869698.833068182
17 8023996.411213955
18 7474441.901755169
19 8728244.94917084
20 9288049.507509647
21 8348794.365856941
22 6408032.759089269
23 7718382.632386061
24 8067491.226026505
25 8231803.053224209
26 9341062.675452024
27 8719173.54951892
28 8266305.208941421
29 8875154.855043836
30 1701459.9354235837
31 1758249.8003857185
32 7765776.796298748
33 7996368.645918604
34 8614368.359841513
35 8236640.89171871
36 8795052.07916138
37 8467388.287003772
38 5317040.569211779
39 8495910.156100199
40 1449109.5879065287
41 1356730.9349572062
42 9021392.563144509
43 6320748.6414195765
44 7117878.392611302
45 7843307.846804913
46 8077222.34492262
47 8894181.968681095
48 9048153.703141475
49 7891979.112264292
50 7482622.419218709
51 7601838.673810348
52 7370075.9272745885
53 2676661.7978684125
54 7546590.675130023
55 7715947.490507046
56 2919548.2442114195
57 4851053.913030009
58 9159267.771536388
59 8702833.807328831
60 9333871.4885487
61 7962382.592608366
62 8474555.491052473
63 9326500.029772285
64 8692398.437001262
65 9000318.994221106
66 8666284.045718499
67 8573006.365790071
68 8089534.111430095
69 8515500.673600232
70 8860414.585801221
71 8686767.851073261
72 1712774.669969737
73 8199053.136183422
74 1748759.4819456812
75 8794252.733301003
76 8521841.075012427
77 8666779.987604935
78 8295938.133763655
79 7774063.228356851
80 8403043.247376237
81 7470404.07171017
82 6965408.708344704
83 8122436.297983246
84 8679346.95658901
85 8524272.063596848
86 8319676.276224429
87 7835930.810166669
88 8226133.639282595
89 6936745.738462881
90 8944776.098878833
91 8903804.603984807
92 8594301.083519297
93 9084990.86358908
94 8959379.673799315
95 8475237.28655074
96 8189836.093793104
97 8279682.022803379
98 8750678.096361183
99 7188889.7751179775
100 8612493.820043905
101 6784889.458365548
102 8821851.196911477
103 9432317.36737046
104 9564413.80760809
105 7879513.619989116
106 1858482.588013247
107 6919828.821308007
108 1534275.6571374335
109 1866721.1658584024
110 9162739.620258335
111 9111309.448922025
112 8863082.621785516
113 8877277.397749662
114 8850402.166384865
115 7842945.77004042
116 7823843.582625038
117 3281348.0749853267
118 1548279.7162501935
119 8450822.986714138
120 7899808.501009154
121 1833513.885556905
122 3600878.4614500557
123 7070334.449319518
124 8179743.558721491
125 8100770.182540222
126 8343660.744388339
127 8396030.016804345
128 1599888.9261843741
129 3925325.29039787
130 8323295.966089981
131 6677433.9430284025
132 8194126.264865963
133 7123274.991088819
134 6759539.860422612
135 7013292.0383615615
136 6420019.986449183
137 7617130.947578941
138 7262597.439423267
139 6792359.046910689
140 6420634.07151667
141 6611857.603703514
142 9132157.715894988
143 1574474.8308950318
144 7509717.590894784
145 2021333.3776432544
146 7921320.712751251
147 7542803.196690338
148 7690812.885639739
149 8282519.744254808
150 1646606.12958191
151 7205182.343050443
152 1860334.8273190828
153 1689612.4694937922
154 1765240.5832217948
155 8417993.937881846
156 7884283.418526773
157 8510000.197446886
158 4704857.470992514
159 9088204.765981756
160 8982755.754491465
161 9313667.612548286
162 8786716.91035017
163 6233026.498255054
164 6115440.100644819
165 6093069.347369284
166 8882598.503021406
167 7049971.292058479
168 7013489.458939848
169 7141334.762624756
170 7601996.774108858
171 7539466.697164665
172 6821503.419748163
173 7290912.349603872
174 4275777.31866843
175 7191723.176930605
176 6560920.112149341
177 8504294.246961342
178 7389842.356713318
179 6805306.225665863
180 7672777.210602887
181 7954651.443640687
182 9155429.091987569
183 7409391.289915588
184 1169009.5220952209
185 7618385.009070053
186 6965600.3071683915
187 8245003.581661829
188 5564643.443919646
189 8464840.282013332
190 7960685.939032513
191 9021749.619871628
192 7388977.105311593
193 1123024.79840439
194 6938567.506086259
195 7821313.674817075
196 8535468.438198578
197 7442102.397609878
198 7972743.638911856
199 7964228.998728724
200 5669787.046194981
201 7903817.337102377
202 8998736.823625365
203 1763572.7360237534
204 7699557.454887053
205 1403750.7218261973
206 1860560.0410225545
207 6726311.31344093
208 7239259.312178566
209 6479175.248895992
210 7358181.800709984
211 6429777.454675841
212 7702604.042354112
213 8896448.530554345
214 4856785.5873118285
215 6678018.409181094
216 7183230.979307457
217 7387249.014361265
218 6623616.146008037
219 7539180.04623406
220 6904156.537757334
221 7943587.45745424
222 6938964.129133631
223 6956788.677460147
224 28844.10561195966
225 7577173.206190762
226 7523854.043287929
227 7859674.232119131
228 8165540.45153651
229 8772489.37881147
230 8416355.64609906
231 7524578.209727283
232 8056956.994534983
233 8937370.92009199
234 7960176.719175743
235 8200729.690290763
236 8429416.837628897
237 9046491.761050554
238 9232871.833709462
239 9183453.578431787
240 1492615.1220392636
241 8822469.540913183
242 1877899.0786982053
243 7241784.502112495
244 7935920.433079232
245 4388314.1002690755
246 2777031.468842783
247 4756690.676274455
248 7413275.642708124
249 8259645.820581537
250 7656943.77311748
251 7861948.354508952
252 2949885.6221930063
253 7695987.7028633645
254 7735056.476312712
255 8050006.600197139
256 8035847.435090622
257 8150141.691818777
258 8170640.885030655
259 4901647.858545892
260 8397274.597447623
261 6935657.70724728
262 8029363.174678753
263 6554166.348881362
264 8198774.928413762
265 7821303.494449148
266 6751521.689024445
267 6239648.432633028
268 6526966.824268772
269 6644107.8258897
270 6943936.869914998
271 6903196.604544679
272 7298156.652672743
273 8607948.797738373
274 7322442.187797095
275 7875626.101702185
276 9005523.155742094
277 8352581.5831390135
278 8150103.240847422
279 9228920.764032293
280 9112553.252840346
281 9217177.527299426
282 9196815.279599426
283 8644120.502862973
284 1183950.0015715924
285 7213580.268127734
286 7505718.566409663
287 8677895.880175099
288 8213118.772875325
289 1778141.328717545
290 8201812.4634635355
291 8899727.894174514
292 8879347.911174359
293 8962767.187772825
294 8922396.542574642
295 7504357.954434315
296 8071638.657701804
297 7954968.221511904
298 9110627.321560124
299 8126087.206579194
300 8877587.474066973
301 7292698.19873794
302 1101378.6685154275
303 8865700.938905824
304 9012799.255639806
305 8562786.255834356
306 7368909.004795159
307 1094321.1877981
308 6331603.075539708
309 6557884.645971757
310 4796536.235567145
311 5069519.961466336
312 6900393.71667674
313 7694566.330542935
314 8828926.057486575
315 8111163.138605696
316 6652141.101774907
317 8625494.59838707
318 8662701.259639198
319 6698335.168182989
320 8865306.892569672
321 7359098.497713722
322 6605505.301562413
323 7572958.589732405
324 8358541.390153617
325 8362821.748337985
326 7711588.485160387
327 8615387.707387062
328 8998568.003826557
329 8914399.946280891
330 7746408.321328001
331 7864027.952895538
332 7415428.806716732
333 7879181.4648527065
334 6486884.954268782
335 7802112.764274184
336 6385471.61791195
337 9261342.973094845
338 1526605.8528922754
339 8528373.353717647
340 8931230.469534667
341 7418261.740108399
342 6793823.645423326
343 6768631.432298061
344 6484477.771004758
345 5979166.884728508
346 1111521.0374159645
347 7154172.761190383
348 8783333.435542762
349 8208051.090749086
350 1163605.5321729856
351 5089911.916905147
352 8321070.390503614
353 1179801.5935108396
354 9518689.583433758
355 7764942.154576026
356 8388239.106929051
357 8219737.049713016
358 7226451.612679631
359 7913994.141225975
360 1853663.311799463
361 1692050.293482403
362 7948901.227267421
363 8517277.778093353
364 8060197.091542659
365 9002000.775662638
366 8784373.116425786
367 8808715.332954016
368 7566797.794129528
369 8678772.515322318
370 6376648.64483627
371 7242927.092591338
372 6719653.261785295
373 7337397.477985862
374 8904575.944160236
375 9435225.768136391
376 8955342.304643031
377 1116562.448356115
378 7057572.705499781
379 394468.19686142047
380 6699940.738815362
381 6749270.79449376
382 7947302.067095365
383 7057790.875920848
384 5090565.487741232
385 2502653.9784590444
386 7881151.60852512
387 7734052.980725611
388 7648554.613296953
389 7698090.795273072
390 1107537.5483827333
391 7608110.125917303
392 8582590.737995546
393 8019943.836193686
394 6500577.815029584
395 7470724.031010846
396 8852690.83709782
397 9006452.46866513
398 8881036.14984564
399 8264663.719141559
400 1592453.7463691337
401 1812185.672685792
402 8752428.379487442
403 8748161.000587963
404 8789773.006449929
405 8569237.720493468
406 8844885.129387764
407 8871222.231748434
408 7159228.888957567
409 6179486.2680776715
410 6734710.461059694
411 7019654.58407169
412 6655436.194057707
413 6858096.008808552
414 6584133.049870393
415 1129119.9439591563
416 7240004.36116922
417 1166844.5200085267
418 6977379.2756866515
419 7425324.147628616
420 8995551.524768492
421 6100462.489297027
422 8218127.0099149505
423 7118946.392593634
424 6964173.263426242
425 6461768.8246497465
426 7511504.8437726
427 7800881.18753166
428 6429022.579012386
429 7624971.712924471
430 8768155.022013996
431 9300666.718859343
432 7496262.03302524
433 6918854.576928249
434 7835783.550703853
435 8010858.206089896
436 8436951.429170078
437 8139582.024140527
438 8758536.554176126
439 6967187.171983843
440 8801416.630713684
441 7238881.94728187
442 8625042.000031283
443 6080641.674004016
444 8015357.14228002
445 8593889.032524072
446 7864541.851550322
447 7353323.334671749
448 6501298.366434447
449 6698093.801330014
450 6504729.737753793
451 8829716.907992369
452 9025967.032641878
453 8925170.74828155
454 8883483.717637977
455 8546228.857832067
456 8989661.263330245
457 9382829.391665844
458 6981081.922652965
459 6614095.647576075
460 6738891.517177129
461 5854611.883098322
462 8785878.096234031
463 9375857.493679872
464 7340393.889747816
465 8203622.765555034
466 7906381.888167121
467 6637129.921508131
468 7312802.055629485
469 8902806.370185303
470 8948180.783921719
471 6979393.02355748
472 7509750.7474652985
473 7793837.865497412
474 2314720.817106385
475 8174528.384666986
476 7974656.031294818
477 6472375.831702289
478 6978253.591842189
479 6613072.464282262
480 6801368.820743296
481 6897722.944867844
482 7351909.227252737
483 8919779.876660004
484 9465926.43002878
485 8546385.833954439
486 9232416.916632425
487 7732797.935629221
488 6843725.83767168
489 476135.83032077993
490 7206450.092391012
491 7788073.0416593
492 7733678.428476386
493 7841937.026111384
494 7207403.754174797
495 7482687.221342461
496 7647420.735729732
497 8342450.63368035
498 5759390.243252046
499 7884784.665112326
500 7570070.707502877
501 7778263.834266729
502 5744689.048130075
503 7767879.255646394
504 7325885.974856221
505 7834649.859297
506 1951212.3880868102
507 1856001.858216994
508 1810797.676475478
509 1885518.898413262
510 8396814.801037852
511 1856446.7952534924
512 1903261.15024993
513 7814813.04906289
514 7538816.127915588
515 6822062.171584615
516 7475728.621019109
517 7086668.664670891
518 6147734.054294547
519 7505383.833950393
520 7084683.890300941
521 6664501.812841284
522 6908689.215304606
523 7155403.998649839
524 6966180.089774305
525 7798475.584004264
526 6878317.311122695
527 7205993.138695026
528 7087785.779873428
529 6617973.553778605
530 7135319.17388571
531 8724963.295178486
532 6928281.356393398
533 7002370.371085592
534 6669369.528877045
535 6963656.834648497
536 8486688.646066478
537 8180801.333857754
538 8259633.578409609
539 8581037.343923433
540 8821447.438483804
541 6958728.19396393
542 8564275.478478028
543 8105627.837540301
544 8295224.384388566
545 2293451.942996351
546 2485568.5695167016
547 8921573.128903262
548 7275679.858764414
549 6883843.281485673
550 8054433.496923442
551 6257406.913900001
552 7498236.506149145
553 6907074.724434032
554 8270553.693572843
555 7944370.690672776
556 8773228.783541631
557 8145412.250074456
558 7615791.451106997
559 7053051.7331689065
560 7196166.264887933
561 7432990.654418278
562 8250564.259779019
563 7602134.637650851
564 7616597.412093489
565 8646589.58280553
566 8025438.49065829
567 8672076.099107902
568 7418393.940297126
569 7523409.532566869
570 8082653.402126007
571 7681765.26895462
572 7855425.103198755
573 7459854.162048973
574 7531875.920516293
575 6464710.981292449
576 7255289.648735595
577 6604551.624926902
578 6548194.738455504
579 7510533.962119134
580 1614615.6242587254
581 9133417.225566467
582 1794070.290733007
583 1760905.9726769459
584 7360061.1152381385
585 1747875.1988470138
586 8966026.494388187
587 1164870.478438512
588 6595426.902241258
589 8650537.964797797
590 8892320.558133774
591 8793024.405415017
592 9342192.606444802
593 7231758.199535371
594 7887218.789486084
595 7108746.113251866
596 7308147.55447595
597 6980249.363214367
598 7658682.161778878
599 7869071.557472694
600 7496274.359039054
601 8363774.949679175
602 5572112.278527225
603 7672019.401470469
604 5785261.943140873
605 9141993.781294169
606 8434290.432167623
607 7028738.776918596
608 7806704.692743722
609 7820872.1184279015
610 8287465.252566616
611 8903790.087579563
612 8705781.153185755
613 9285558.75319091
614 7043603.88521756
615 7044617.788238442
616 8972182.513447333
617 8560711.072459571
618 8645762.827882482
619 8743105.551552828
620 9055582.755285755
621 9036381.459839419
622 8638417.346964914
623 8125574.524019558
624 7755444.614930741
625 7832754.7725729775
626 7743015.233157659
627 8151568.458681143
628 8170758.08133576
629 8655994.026342427
630 9316031.4866125
631 8395704.415341226
632 7988492.882059993
633 9275958.291969804
634 9093557.921169665
635 7193645.285615288
636 6995110.062898192
637 7078283.937449382
638 6683858.921390401
639 9161722.216317376
640 6881792.386019666
641 6978689.619542397
642 7904066.164416417
643 6952297.744190756
644 7723643.63604796
645 1660355.1536693615
646 7860610.83941628
647 7404086.925197387
648 4978311.350982176
649 8602753.143863348
650 8779730.821213614
651 9540841.07595795
652 8269525.019825417
653 9083761.177048715
654 8728681.7015294
655 8458413.038120458
656 8546509.84387329
657 7964116.154680882
658 7419949.72141211
659 7511527.621850098
660 8226309.212180934
661 8521057.446971513
662 7030798.044462899
663 6559083.162656181
664 68747.6293589705
665 7833833.558548391
666 8729703.75832635
667 6994304.076606821
668 8338991.772701312
669 1175277.829921946
670 8376045.51871754
671 1176025.031950416
672 6209991.505966664
673 8474977.178055378
674 9194762.38903006
675 2288828.9685044214
676 7596564.728117349
677 7100032.273600764
678 9477853.243585445
679 9436951.065081311
680 9210076.781685444
681 8861143.936442096
682 6808331.771975418
683 6210040.894339568
684 6904288.310673129
685 9153201.759751087
686 9003268.532561248
687 6802096.900450779
688 7589003.004253239
689 7008864.633628636
690 7115008.807579221
691 6983801.247558005
692 7451092.203634042
693 7605670.978145994
694 7641323.549482458
695 5744534.287756224
696 7873900.004240421
697 5663664.553077647
698 9569011.720409075
699 8327134.174483702
700 9089735.997204091
701 8919240.55614152
702 8838868.186281946
703 7624907.71710222
704 7639461.75415356
705 8912993.961442713
706 8869580.067965997
707 8076640.680305403
708 8980223.048261657
709 9014882.136031926
710 8567627.901112812
711 8589483.059438433
712 9146096.600815635
713 8177396.043496649
714 8360609.454269085
715 8597346.081331989
716 6634234.051760602
717 1298123.788069206
718 7228712.909401881
719 7647996.252082764
720 9330114.587085512
721 9271206.81488561
722 9120558.334756594
723 9008858.456302945
724 8162894.89723701
725 7411716.605361155
726 6695640.636144237
727 6569923.939185703
728 7115247.9942243425
729 9006357.538195398
730 8608309.045755833
731 7499562.888300459
732 7538205.554970047
733 7297082.693077534
734 7510188.678717859
735 8794638.00533148
736 9188224.23331731
737 8508280.67116766
738 7836954.341161581
739 8325070.164289153
740 1140132.1939101003
741 7763709.2523654075
742 8601008.857056228
743 9141160.543161917
744 8469614.61144987
745 7940835.893053741
746 7679279.301969461
747 7213210.525351144
748 1689723.9670182196
749 7568437.479630485
750 1859284.5095641264
751 7895272.288593746
752 7510331.536755179
753 7679561.044328697
754 7988157.388332536
755 7461189.936920483
756 7651838.873084239
757 7491704.27772844
758 6779535.822795007
759 7257767.640436429
760 6599307.096221836
761 6781762.027328828
762 7295280.423574591
763 8657108.601857003
764 9205151.96124986
765 9190490.810791334
766 8871432.924040437
767 9126886.613599386
768 8757084.281887695
769 9578716.33818905
770 8549914.795647362
771 8795576.516956162
772 9048863.506182075
773 8240969.717424961
774 8830127.400161278
775 2062332.5452282585
776 7010896.946334269
777 1197919.3706511937
778 6815514.39297645
779 8413353.181079783
780 8962267.53062337
781 9029563.189323256
782 6983759.108794039
783 8550545.744061919
784 8618078.273099633
785 8399607.437747262
786 8415986.449243704
787 8747284.360663863
788 8442175.935722228
789 8490777.098758493
790 7792504.566188141
791 7970124.420860704
792 8569757.981071403
793 7339997.414204604
794 8615232.590534296
795 9027971.630593954
796 8276976.728279011
797 7753420.995275374
798 7667795.030275785
799 7330883.764959514
800 7531794.6903973315
801 8286230.674411077
802 5547022.201709234
803 7873788.482191325
804 7631068.064901538
805 7599400.847444173
806 5486173.611107493
807 7729875.6634256095
808 7711010.097547597
809 6835970.137758637
810 6884861.39075108
811 8631526.431704702
812 8400765.92921707
813 8244121.137886197
814 9447949.811616328
815 7570186.800957849
816 7930436.375827596
817 7193671.160190128
818 7245921.233606724
819 8778739.825944321
820 8059106.721242781
821 7364816.150937265
822 8249507.623086157
823 4956916.665487088
824 8449301.716305237
825 8653493.92289001
826 8783386.146923123
827 8938967.402780542
828 8807951.472638391
829 7393981.880690988
830 8433899.913006313
831 8774353.608593306
832 8116655.519715429
833 9158592.566733493
834 9438140.459284002
835 8019513.604952863
836 8590418.145919023
837 8135268.677110254
838 9267927.494799787
839 9138387.634328859
840 8637246.454182977
841 8375293.721623578
842 7841607.550306037
843 8955939.423489846
844 8614640.366248805
845 8766071.155972915
846 9226507.419539664
847 7217202.392487265
848 7708217.532384824
849 7908541.6248282455
850 7727481.337846079
851 5570474.454654085
852 7916923.076159094
853 7439840.128476834
854 7472603.145354962
855 5529909.646683238
856 7616268.190558604
857 7939456.676662318
858 7763828.44417693
859 7437850.614706493
860 6320773.070753702
861 6484737.259412508
862 8149031.323378426
863 6524982.089066877
864 7857410.893618263
865 8387126.13048868
866 8234568.644148151
867 7828395.809359356
868 6939330.897154757
869 8087524.659389291
870 7420019.485351201
871 7116484.749879118
872 6017968.821058995
873 7817842.538171369
874 7698269.169889138
875 7681289.552456858
876 7733721.991061117
877 5727421.692755075
878 7617374.3546550805
879 7736787.077293389
880 7560979.114618057
881 7680689.790781918
882 6905502.466583596
883 6650825.046741563
884 6850412.342298649
885 1171388.1764137475
886 6300002.285057328
887 6099279.958588277
888 6506075.952363241
889 7847131.229979688
890 7926673.935742786
891 6540270.195653482
892 7279040.835577243
893 7510763.761192459
894 7336020.904047334
895 8071306.442857639
896 7585444.562382623
897 6917578.414222558
898 7788164.091101034
899 9319984.478522547
900 8704037.302914832
901 1606455.3777268752
902 7945625.051676739
903 1908906.0575285314
904 7864983.156609565
905 1476098.3590555198
906 1906132.6632131299
907 6754251.642006236
908 7266457.261301954
909 6703834.047523671
910 7186339.076506392
911 7734257.7580423895
912 6952656.704445226
913 7569946.059462218
914 7582361.086609563
915 8940956.318868622
916 8433838.159122828
917 6747278.802336762
918 8408239.414108174
919 7844687.594379791
920 7729557.272114514
921 5229793.07824471
922 7706872.517301771
923 6835095.309778675
924 7392792.113360583
925 6554481.313973222
926 7519091.27763644
927 3211720.0005351705
928 3143245.237630719
929 7869925.431435464
930 1972092.4748120052
931 1860268.7782257132
932 3101200.834349554
933 1707242.507875796
934 8718066.073183559
935 2180482.8040347286
936 6734461.805475936
937 6779392.825616113
938 6816388.273534445
939 7656253.727130735
940 7550228.650051275
941 6852812.703766429
942 7140704.624481582
943 6792109.691965716
944 6570643.411065267
945 6592725.515295964
946 7689415.35383459
947 7371680.057161854
948 6875455.330038006
949 6356739.686777542
950 7012053.390351224
951 8229847.6316170925
952 8836547.889898837
953 7605312.728195511
954 7276472.27398237
955 1482624.9245263718
956 1882427.2921357262
957 8067879.932029136
958 8743919.09638791
959 9020818.22357682
960 8780234.729489617
961 7831974.495782296
962 7509099.1783375805
963 8770208.031872991
964 9313963.684367051
965 6457276.830203484
966 2364181.6368119274
967 2535204.0153547316
968 8587972.0834184
969 8233475.6223303415
970 8512551.067122184
971 8399432.480419116
972 9017890.865059346
973 8931789.401850233
974 8705892.011994574
975 8811740.441526445
976 8362919.989767171
977 8715024.155097947
978 8620073.190231211
979 7930707.998346567
980 8824079.15730553
981 8417137.566130307
982 8529408.879468674
983 8738773.4491173
984 8227513.732204634
985 8321415.706237243
986 7958302.135913247
987 8218752.058559662
988 8516315.091393115
989 8679816.012249636
990 8939005.091963932
991 8730759.560797153
992 7506392.290550351
993 7970644.272591332
994 7954049.804640019
995 8307242.386840938
996 8417519.246548653
997 9009828.193765845
998 9087186.144149557
999 6985943.782935124
1000 6717992.125996747
1001 5092090.510289457
1002 7481752.256981795
1003 5513695.428351967
1004 7864990.569526598
1005 8606233.877894808
1006 8016372.460801426
1007 8830398.12793944
1008 9145273.811382465
1009 8039874.325501802
1010 8047272.987077155
1011 8851872.911150496
1012 8479031.773749625
1013 1862747.6358903272
1014 6907636.657824386
1015 6796623.557535666
1016 8185094.206161144
1017 6871160.334840429
1018 7781720.605243594
1019 7546688.756363558
1020 7929931.6707056835
1021 8254525.572155945
1022 6533664.319379028
1023 1515544.5892127934
1024 7193616.307631996
1025 1802069.838229705
1026 1057801.0061351596
1027 7963687.842910704
1028 9092439.787233826
1029 8924375.767739724
1030 8324473.374578107
1031 7659150.610968026
1032 7126183.553981985
1033 6554650.246232113
1034 6746808.987973786
1035 7895971.775222841
1036 4867108.775866154
1037 7583429.593254094
1038 7918773.497798566
1039 7646831.234869082
1040 8247416.363598129
1041 7972097.443947651
1042 8141872.7702367185
1043 7537517.8663762305
1044 6979825.013511931
1045 8529235.654637206
1046 7954264.648873011
1047 6382136.184875737
1048 7303085.795564964
1049 7585495.455875355
1050 7017650.723893821
1051 7277853.9188013915
1052 7314399.4821687
1053 6674307.829470152
1054 7729408.77159634
1055 6573620.922343905
1056 8239317.917490168
1057 8194981.268672942
1058 7797222.028729988
1059 7134365.896984595
1060 6979394.499875464
1061 7853592.866557146
1062 7541328.892462527
1063 7028735.153407926
1064 7278643.072598141
1065 6967621.152673772
1066 7825671.254040724
1067 6804590.115182562
1068 7373075.9463870665
1069 7771514.446693361
1070 7399703.73151852
1071 7975971.251272909
1072 8085479.025794295
1073 7360659.111086431
1074 7386084.095069034
1075 7805766.084433185
1076 8308111.235066767
1077 8630479.583970467
1078 7937658.69036997
1079 5004103.759592616
1080 8125855.526835985
1081 7762752.84693757
1082 9270987.498096831
1083 8245428.3083707765
1084 7854419.639515906
1085 7458960.156334106
1086 7911686.503967137
1087 7957880.410107986
1088 6763933.280873263
1089 8662327.61330522
1090 9132234.986495784
1091 9577693.047369037
1092 8931333.78573011
1093 9208557.967139458
1094 9001439.0332407
1095 9220314.108619744
1096 8827477.195431048
1097 7577479.650756223
1098 1997440.871727699
1099 8138288.712862782
1100 1986413.5529392797
1101 4645624.821973943
1102 1842336.2245250926
1103 7487383.404256346
1104 6990624.470219062
1105 7708416.21499532
1106 7098458.636320567
1107 8833936.408607006
1108 9225408.163692962
1109 9070776.203823915
1110 9187390.942357302
1111 8758785.839066837
1112 9026146.635091696
1113 8260951.308453302
1114 7450968.65244112
1115 8798661.711021584
1116 9125033.002431631
1117 8950510.063697048
1118 6185241.483420225
1119 7037042.945327585
1120 7175379.515832439
1121 7436921.02985342
1122 6605900.681050817
1123 6136946.402871848
1124 6323159.721845293
1125 8578020.824865177
1126 7711596.465737948
1127 8121135.46169054
1128 7187684.606480019
1129 8031062.863309507
1130 7501953.513249198
1131 6902317.428563759
1132 1170417.6557196735
1133 7633409.869885129
1134 9001379.13463169
1135 9260095.936593946
1136 9006045.196246376
1137 8971736.004507259
1138 6606216.384141887
1139 7317995.643424011
1140 2414678.2225904986
1141 8499335.58401259
1142 7698002.185026399
1143 9319881.44049192
1144 7600913.139262165
1145 7641979.986354508
1146 7002234.449962945
1147 7486128.140617176
1148 7162605.949280854
1149 7561673.32867462
1150 5637774.807925916
1151 7275020.024668713
1152 7528289.332589213
1153 5629120.73566939
1154 6631920.932385295
1155 8467505.260174986
1156 1078992.0941146514
1157 8691324.814242965
1158 8355558.856028693
1159 8064242.16586983
1160 3043285.3233925416
1161 8144261.942150924
1162 8866853.664915662
1163 8362899.366461644
1164 8760445.004798854
1165 7961322.868239955
1166 8327272.245453804
1167 3340163.932524822
1168 8636648.923425693
1169 8960354.282255521
1170 9040805.0600495
1171 8608014.116085514
1172 8012150.934660306
1173 8559927.757305397
1174 6209595.683338962
1175 6924867.278242326
1176 8722392.670136536
1177 7598105.235676514
1178 8518767.712694103
1179 7804795.31185209
1180 7409102.760838184
1181 8071568.629580599
1182 6604633.774691139
1183 7340095.431109166
1184 7077875.401380974
1185 7657111.236690238
1186 3495002.113856252
1187 1684561.5400816328
1188 3878346.7011318994
1189 7303136.88055118
1190 7813860.577368717
1191 1817081.5308069943
1192 7591048.215621653
1193 7523980.990913394
1194 8471770.050235858
1195 1606446.1103255714
1196 7928351.2351392545
1197 8548813.248353528
1198 7502834.817605552
1199 7166062.637703427
1200 6820390.667535127
1201 7473589.438725725
1202 8477569.880002936
1203 7587103.125771495
1204 8451641.508857153
1205 8491708.389283132
1206 7498587.306981016
1207 7745847.308778549
1208 5231110.475395324
1209 9481231.667900283
1210 7556640.957629843
1211 7419941.257646107
1212 7187362.906992351
1213 7745987.015535274
1214 7147673.247360108
1215 7240582.575438329
1216 7219118.08752359
1217 5616918.596184744
1218 7947430.995809139
1219 5306742.334870623
