34 4
33 -0.46257633 0.7590623 0.56172085 0.5525312
0 -0.98418427 -0.0468386 0.06410357 0.49218765
32 -0.45953006 0.68658626 0.5384456 0.5768826
2 -0.87598544 0.053753577 0.4172778 0.40064868
1 -1.0372751 -0.09882357 0.3742511 0.33724272
31 -0.39756635 0.39849022 0.26442286 0.8841362
23 -0.26377752 0.66671807 0.47190925 0.88536644
8 -0.61594605 0.42486316 0.452637 0.5187339
3 -1.0041314 -0.30227664 0.5547264 0.42852458
13 -0.8663218 -0.07903959 0.42366114 0.48300132
5 -1.2400547 0.31095397 -0.66233325 0.35069895
6 -1.144846 0.087088116 -0.69893754 0.6029189
25 -0.23543435 0.54926026 0.36658198 1.0148406
29 -0.446951 1.0118192 0.73321 0.43132702
7 -0.97565204 -0.3270728 0.2978002 0.54363143
27 -0.36894917 0.6150575 0.37254795 0.79212636
30 -0.54955363 0.45666638 0.63681936 0.53417945
4 -1.1626526 0.10489363 -0.47989622 0.43873426
10 -1.2452033 0.10407724 -0.6313242 0.47274083
15 -0.4071802 0.62494284 0.47555372 0.7057149
24 -0.3451776 0.2909441 0.31884676 0.99596465
16 -1.2730527 0.323093 -0.9294134 0.4681298
26 -0.43417546 0.9899471 0.5944181 0.48107636
28 -0.5052655 0.4683768 0.32252273 0.7082876
14 -0.30888286 0.50038475 0.36428636 0.94484514
19 -0.88057226 0.063756876 0.19097005 0.48740822
22 -0.3085864 0.64054555 0.3516864 0.8810879
12 -1.1223571 -0.42459148 0.56908095 0.3581208
21 -1.1285796 -0.25945398 0.19025055 0.3769358
20 -0.36889514 0.6324294 0.511454 0.77077675
9 -0.6026508 0.43330783 0.49264142 0.5160045
18 -0.24118431 0.8088172 0.5130492 0.8805664
11 -1.0952218 0.19416852 -0.04402993 0.2642585
17 -1.0197979 -0.086446114 0.109675944 0.42252967
