0 67.23125728949336
1 61.54166415084294
2 68.67785085806361
3 55.48722372809783
4 28.262947014204805
5 24.926292782806076
6 25.310688290152818
7 48.748919418124046
8 69.61626000374758
9 35.77139616356469
10 26.478762748540024
11 12.970920332818364
12 21.11801370834423
13 67.40239686327509
14 30.0574036089358
15 32.00853436379363
16 14.215638414624504
17 26.47101161634471
18 27.989719894716107
19 52.35971775437401
20 31.622927872767377
21 24.504612396705372
22 30.48800020412492
23 42.41136327490105
24 49.40832460391246
25 40.89013155431241
26 23.11138091853664
27 48.45914891080399
28 56.178175963319276
29 33.40760602424112
30 64.02123150023951
31 53.12401980825315
32 71.45157162724104
33 68.8107595419032
